CMRNET across 50 frames:
[[-0.0025, -1.0000,  0.0064,  0.2513],
[-0.0312, -0.0063, -0.9995, -0.6106],
[ 0.9995, -0.0027, -0.0312, -0.8567],
[ 0.0000,  0.0000,  0.0000,  1.0000]]

CMRNET with static scene:
[[ 0.0024, -1.0000,  0.0024,  0.2693],
 [-0.0398, -0.0025, -0.9992, -0.6924],
 [ 0.9992,  0.0023, -0.0398, -0.8361],
   0.0000,  0.0000,  0.0000,  1.0000]]
   
   
GT as provided by Kuersat:
[[-0.0033 -0.9999  0.0069 0.2684]
 [-0.0231 -0.0069 -0.9997 -0.7129]
 [0.9997 -0.0035 -0.0231 -0.784 ]
 [0,      0,      0,      1     ]]
 [ 0.5066619, -0.504836, 0.4967428, 0.4916106 ]


-------------------------------------------
*******************************************
1500 poses, "rosbag" default="ptp_sync_cam_lid_calib__2018-01-28-17-27-24.bag"
iter      cost      cost_change  |gradient|   |step|    tr_ratio  tr_radius  ls_iter  iter_time  total_time
   0  2.802097e-08    0.00e+00    1.23e-09   0.00e+00   0.00e+00  1.00e+04        0    1.33e-01    1.35e-01
   1  2.758990e-08    4.31e-10    1.73e-09   2.84e-01   2.39e+00  3.00e+04        1    3.35e+00    3.49e+00
   2  2.691877e-08    6.71e-10    2.13e-09   3.12e-01   2.41e+00  9.00e+04        1    3.79e+00    7.28e+00
   3  2.615310e-08    7.66e-10    2.52e-09   4.34e-01   2.35e+00  2.70e+05        1    3.72e+00    1.10e+01
   4  2.552431e-08    6.29e-10    3.13e-09   1.54e+00   2.09e+00  8.10e+05        1    3.49e+00    1.45e+01
   5  2.517112e-08    3.53e-10    2.40e-09   7.64e+00   1.73e+00  2.43e+06        1    3.58e+00    1.81e+01
   6  2.469377e-08    4.77e-10    2.78e-09   1.92e+01   1.80e+00  7.29e+06        1    3.70e+00    2.18e+01
   7  2.395548e-08    7.38e-10    8.76e-09   3.49e+01   2.16e+00  2.19e+07        1    3.83e+00    2.56e+01
   8  2.303078e-08    9.25e-10    1.63e-08   5.20e+01   2.62e+00  6.56e+07        1    3.94e+00    2.95e+01
   9  2.220804e-08    8.23e-10    8.14e-08   5.23e+01   2.98e+00  1.97e+08        1    4.00e+00    3.35e+01
  10  2.194003e-08    2.68e-10    4.37e-07   5.40e+01   3.28e+00  5.90e+08        1    3.86e+00    3.74e+01
  11  2.181467e-08    1.25e-10    1.01e-07   2.94e+01   2.53e+00  1.77e+09        1    3.97e+00    4.14e+01
  12  2.180803e-08    6.64e-12    2.15e-08   5.06e+01   2.01e+00  5.31e+09        1    3.89e+00    4.53e+01
  13  2.179886e-08    9.17e-12    2.07e-08   6.72e+01   2.73e+00  1.59e+10        1    3.85e+00    4.91e+01
  14  2.179318e-08    5.68e-12    1.57e-08   6.45e+01   3.11e+00  4.78e+10        1    3.95e+00    5.31e+01
  15  2.178957e-08    3.60e-12    1.57e-08   3.46e+01   3.81e+00  1.43e+11        1    4.63e+00    5.77e+01
  16  2.178851e-08    1.06e-12    2.65e-08   9.32e-01   2.68e+00  4.30e+11        1    3.26e+00    6.09e+01
  17  2.178661e-08    1.90e-12    1.82e-07   3.96e-02   4.84e+00  1.29e+12        1    3.70e+00    6.46e+01
  18  2.178529e-08    1.32e-12    4.36e-08   5.30e-03   2.94e+00  3.87e+12        1    3.55e+00    6.82e+01
  19  2.178529e-08    1.75e-15    1.53e-11   8.81e-05   1.00e+00  1.16e+13        1    3.61e+00    7.18e+01
  20  2.178529e-08    1.56e-22    1.50e-15   2.95e-08   9.55e-01  3.49e+13        1    3.29e+00    7.51e+01
  21  2.178529e-08   -6.62e-24    1.50e-15   2.48e-12  -5.37e+06  1.74e+13        1    3.19e+00    7.83e+01
  22  2.178529e-08   -6.62e-24    1.50e-15   2.47e-12  -5.37e+06  4.36e+12        1    3.14e+00    8.14e+01
  23  2.178529e-08   -6.62e-24    1.50e-15   2.47e-12  -5.37e+06  5.45e+11        1    3.35e+00    8.48e+01
  24  2.178529e-08   -6.62e-24    1.50e-15   2.47e-12  -5.37e+06  3.41e+10        1    3.16e+00    8.79e+01
  25  2.178529e-08   -6.62e-24    1.50e-15   2.40e-12  -5.37e+06  1.06e+09        1    3.23e+00    9.12e+01
  26  2.178529e-08   -6.62e-24    1.50e-15   1.95e-12  -5.37e+06  1.66e+07        1    3.03e+00    9.42e+01
  27  2.178529e-08   -6.62e-24    1.50e-15   1.32e-12  -5.37e+06  1.30e+05        1    3.10e+00    9.73e+01
  28  2.178529e-08   -6.62e-24    1.50e-15   5.98e-13  -5.37e+06  5.07e+02        1    3.12e+00    1.00e+02
  29  2.178529e-08   -3.31e-24    1.50e-15   2.42e-13  -2.69e+06  9.91e-01        1    2.93e+00    1.03e+02
  30  2.178529e-08    9.93e-24    8.88e-16   7.43e-14   1.32e+07  2.97e+00        1    2.97e+00    1.06e+02
  31  2.178529e-08    9.93e-24    5.55e-16   4.41e-14   5.37e+07  8.92e+00        1    3.18e+00    1.09e+02
  32  2.178529e-08   -2.65e-23    5.55e-16   2.93e-14  -1.82e+08  4.46e+00        1    3.28e+00    1.13e+02
  33  2.178529e-08   -1.65e-23    5.55e-16   2.51e-14  -9.55e+07  1.11e+00        1    3.36e+00    1.16e+02
  34  2.178529e-08   -2.98e-23    5.55e-16   1.47e-14  -2.96e+08  1.39e-01        1    3.14e+00    1.19e+02
  35  2.178529e-08   -2.32e-23    5.55e-16   3.35e-15  -6.98e+08  8.71e-03        1    3.19e+00    1.22e+02
  36  2.178529e-08   -6.62e-24    5.55e-16   2.22e-16   0.00e+00  2.72e-04        1    3.07e+00    1.26e+02
[ INFO] [1691659253.519231830]: Finished optimizing the initial transform.
Translation: (-0.279661, -0.975047, -0.754263)
Rotation:    (0.498771, -0.514166, 0.487273, 0.499425)




2500 poses, "rosbag" default="ptp_sync_cam_lid_calib__2018-01-28-17-47-58.bag"
iter      cost      cost_change  |gradient|   |step|    tr_ratio  tr_radius  ls_iter  iter_time  total_time
   0  4.945945e-08    0.00e+00    2.06e-09   0.00e+00   0.00e+00  1.00e+04        0    4.70e-01    4.72e-01
   1  4.877054e-08    6.89e-10    2.66e-09   2.96e-01   2.35e+00  3.00e+04        1    1.96e+01    2.00e+01
   2  4.756584e-08    1.20e-09    2.86e-09   5.63e-01   2.45e+00  9.00e+04        1    1.71e+01    3.71e+01
   3  4.588637e-08    1.68e-09    5.52e-09   1.60e+00   2.46e+00  2.70e+05        1    1.74e+01    5.45e+01
   4  4.432593e-08    1.56e-09    6.33e-09   3.79e+00   2.33e+00  8.10e+05        1    1.85e+01    7.30e+01
   5  4.369865e-08    6.27e-10    5.17e-09   7.76e+00   1.76e+00  2.43e+06        1    1.94e+01    9.24e+01
   6  4.308667e-08    6.12e-10    4.04e-09   2.26e+01   1.61e+00  7.29e+06        1    1.90e+01    1.11e+02
   7  4.188561e-08    1.20e-09    7.28e-09   4.78e+01   2.07e+00  2.19e+07        1    1.83e+01    1.30e+02
   8  4.011279e-08    1.77e-09    1.88e-08   6.91e+01   2.61e+00  6.56e+07        1    1.68e+01    1.47e+02
   9  3.875967e-08    1.35e-09    3.50e-08   7.86e+01   2.78e+00  1.97e+08        1    1.76e+01    1.64e+02
  10  3.822610e-08    5.34e-10    2.66e-08   1.42e+02   1.97e+00  5.90e+08        1    1.78e+01    1.82e+02
  11  3.734194e-08    8.84e-10    2.42e-08   1.36e+02   3.92e+00  1.77e+09        1    1.74e+01    1.99e+02
  12  3.705137e-08    2.91e-10    3.26e-08   4.41e+01   2.37e+00  5.31e+09        1    1.88e+01    2.18e+02
  13  3.703467e-08    1.67e-11    2.24e-08   6.00e+01   1.97e+00  1.59e+10        1    1.79e+01    2.36e+02
  14  3.702072e-08    1.40e-11    2.31e-08   7.62e+01   2.07e+00  4.78e+10        1    1.72e+01    2.53e+02
  15  3.700554e-08    1.52e-11    9.91e-09   5.11e+01   1.93e+00  1.43e+11        1    1.74e+01    2.71e+02
  16  3.700036e-08    5.19e-12    1.74e-08   8.93e+01   2.23e+00  4.30e+11        1    1.72e+01    2.88e+02
  17  3.699356e-08    6.80e-12    1.59e-08   1.38e+02   1.92e+00  1.29e+12        1    1.77e+01    3.06e+02
  18  3.698920e-08    4.36e-12    1.56e-08   1.73e+02   1.96e+00  3.87e+12        1    1.87e+01    3.24e+02
  19  3.698291e-08    6.28e-12    1.49e-08   3.10e+02   2.13e+00  1.16e+13        1    1.84e+01    3.43e+02
  20  3.697414e-08    8.77e-12    1.35e-08   3.44e+02   2.09e+00  3.49e+13        1    1.84e+01    3.61e+02
  21  3.696816e-08    5.98e-12    1.41e-08   1.57e+02   2.01e+00  1.05e+14        1    1.80e+01    3.79e+02
  22  3.696452e-08    3.63e-12    1.62e-08   2.54e+01   1.89e+00  3.14e+14        1    1.75e+01    3.97e+02
  23  3.696271e-08    1.81e-12    3.38e-08   1.60e+00   2.28e+00  9.41e+14        1    1.72e+01    4.14e+02
  24  3.695982e-08    2.89e-12    1.58e-07   1.76e-01   3.57e+00  2.82e+15        1    1.79e+01    4.32e+02
  25  3.695527e-08    4.55e-12    6.71e-07   1.61e-01   4.15e+00  8.47e+15        1    1.78e+01    4.50e+02
  26  3.695362e-08    1.65e-12    8.12e-08   1.76e-01   2.14e+00  1.00e+16        1    1.80e+01    4.68e+02
  27  3.695275e-08    8.70e-13    2.20e-08   1.92e-01   2.12e+00  1.00e+16        1    1.91e+01    4.87e+02
  28  3.695169e-08    1.06e-12    1.87e-08   2.04e-01   2.15e+00  1.00e+16        1    1.88e+01    5.06e+02
  29  3.695050e-08    1.19e-12    1.03e-08   1.99e-01   2.14e+00  1.00e+16        1    1.86e+01    5.24e+02
  30  3.694971e-08    7.88e-13    1.88e-08   1.43e-01   1.72e+00  1.00e+16        1    1.87e+01    5.43e+02
  31  3.694958e-08    1.36e-13    2.52e-08   6.36e-02   1.37e+00  1.00e+16        1    1.82e+01    5.61e+02
  32  3.694956e-08    1.94e-14    6.34e-09   3.00e-02   1.42e+00  1.00e+16        1    1.85e+01    5.80e+02
  33  3.694955e-08    3.76e-15    1.49e-09   1.52e-02   1.47e+00  1.00e+16        1    1.85e+01    5.98e+02
  34  3.694955e-08    9.64e-16    4.17e-10   8.58e-03   1.56e+00  1.00e+16        1    1.81e+01    6.16e+02
  35  3.694955e-08    3.73e-16    1.58e-10   5.56e-03   1.70e+00  1.00e+16        1    1.77e+01    6.34e+02
  36  3.694955e-08    2.14e-16    8.45e-11   4.08e-03   1.81e+00  1.00e+16        1    1.70e+01    6.51e+02
  37  3.694955e-08    1.49e-16    5.78e-11   3.25e-03   1.86e+00  1.00e+16        1    1.67e+01    6.68e+02
  38  3.694955e-08    1.11e-16    4.45e-11   2.71e-03   1.87e+00  1.00e+16        1    1.72e+01    6.85e+02
  39  3.694955e-08    8.43e-17    3.59e-11   2.32e-03   1.87e+00  1.00e+16        1    1.77e+01    7.02e+02
  40  3.694955e-08    6.43e-17    2.96e-11   2.01e-03   1.87e+00  1.00e+16        1    1.76e+01    7.20e+02
  41  3.694955e-08    4.91e-17    2.45e-11   1.75e-03   1.88e+00  1.00e+16        1    1.77e+01    7.38e+02
  42  3.694955e-08    3.76e-17    2.04e-11   1.53e-03   1.88e+00  1.00e+16        1    1.79e+01    7.56e+02
  43  3.694955e-08    2.87e-17    1.70e-11   1.34e-03   1.88e+00  1.00e+16        1    1.83e+01    7.74e+02
  44  3.694955e-08    2.20e-17    1.43e-11   1.17e-03   1.88e+00  1.00e+16        1    1.77e+01    7.92e+02
  45  3.694955e-08    1.69e-17    1.20e-11   1.03e-03   1.88e+00  1.00e+16        1    1.77e+01    8.09e+02
  46  3.694955e-08    1.30e-17    1.01e-11   9.02e-04   1.88e+00  1.00e+16        1    1.81e+01    8.27e+02
  47  3.694955e-08    9.95e-18    8.59e-12   7.91e-04   1.88e+00  1.00e+16        1    1.79e+01    8.45e+02
  48  3.694955e-08    7.64e-18    7.30e-12   6.94e-04   1.88e+00  1.00e+16        1    1.76e+01    8.63e+02
  49  3.694955e-08    5.87e-18    6.22e-12   6.09e-04   1.88e+00  1.00e+16        1    1.78e+01    8.81e+02
  50  3.694955e-08    4.52e-18    5.31e-12   5.34e-04   1.88e+00  1.00e+16        1    1.75e+01    8.98e+02
  51  3.694955e-08    3.47e-18    4.55e-12   4.69e-04   1.88e+00  1.00e+16        1    1.74e+01    9.16e+02
  52  3.694955e-08    2.67e-18    3.91e-12   4.11e-04   1.88e+00  1.00e+16        1    1.77e+01    9.33e+02
  53  3.694955e-08    2.06e-18    3.37e-12   3.61e-04   1.88e+00  1.00e+16        1    1.75e+01    9.51e+02
  54  3.694955e-08    1.58e-18    2.90e-12   3.17e-04   1.88e+00  1.00e+16        1    1.78e+01    9.69e+02
  55  3.694955e-08    1.22e-18    2.51e-12   2.78e-04   1.88e+00  1.00e+16        1    1.75e+01    9.86e+02
  56  3.694955e-08    9.40e-19    2.17e-12   2.44e-04   1.88e+00  1.00e+16        1    1.79e+01    1.00e+03
  57  3.694955e-08    7.24e-19    1.89e-12   2.14e-04   1.88e+00  1.00e+16        1    1.77e+01    1.02e+03
  58  3.694955e-08    5.58e-19    1.64e-12   1.88e-04   1.88e+00  1.00e+16        1    1.69e+01    1.04e+03
  59  3.694955e-08    4.30e-19    1.43e-12   1.65e-04   1.88e+00  1.00e+16        1    1.47e+01    1.05e+03
  60  3.694955e-08    3.32e-19    1.24e-12   1.45e-04   1.88e+00  1.00e+16        1    1.43e+01    1.07e+03
  61  3.694955e-08    2.56e-19    1.08e-12   1.27e-04   1.88e+00  1.00e+16        1    1.42e+01    1.08e+03
  62  3.694955e-08    1.97e-19    9.42e-13   1.12e-04   1.88e+00  1.00e+16        1    1.41e+01    1.10e+03
  63  3.694955e-08    1.52e-19    8.22e-13   9.83e-05   1.88e+00  1.00e+16        1    1.43e+01    1.11e+03
  64  3.694955e-08    1.17e-19    7.19e-13   8.63e-05   1.88e+00  1.00e+16        1    1.45e+01    1.12e+03
  65  3.694955e-08    9.04e-20    6.28e-13   7.58e-05   1.88e+00  1.00e+16        1    1.43e+01    1.14e+03
  66  3.694955e-08    6.98e-20    5.50e-13   6.66e-05   1.88e+00  1.00e+16        1    1.41e+01    1.15e+03
  67  3.694955e-08    5.37e-20    4.81e-13   5.85e-05   1.88e+00  1.00e+16        1    1.48e+01    1.17e+03
  68  3.694955e-08    4.15e-20    4.25e-13   5.14e-05   1.88e+00  1.00e+16        1    1.46e+01    1.18e+03
  69  3.694955e-08    3.21e-20    3.73e-13   4.51e-05   1.89e+00  1.00e+16        1    1.44e+01    1.20e+03
  70  3.694955e-08    2.45e-20    3.30e-13   3.96e-05   1.86e+00  1.00e+16        1    1.47e+01    1.21e+03
  71  3.694955e-08    1.90e-20    2.91e-13   3.48e-05   1.87e+00  1.00e+16        1    1.45e+01    1.23e+03
  72  3.694955e-08    1.48e-20    2.56e-13   3.06e-05   1.89e+00  1.00e+16        1    1.48e+01    1.24e+03
  73  3.694955e-08    1.14e-20    2.27e-13   2.69e-05   1.88e+00  1.00e+16        1    1.45e+01    1.26e+03
  74  3.694955e-08    8.70e-21    1.98e-13   2.36e-05   1.87e+00  1.00e+16        1    1.44e+01    1.27e+03
  75  3.694955e-08    6.90e-21    1.74e-13   2.07e-05   1.92e+00  1.00e+16        1    1.43e+01    1.28e+03
  76  3.694955e-08    5.14e-21    1.53e-13   1.82e-05   1.84e+00  1.00e+16        1    1.48e+01    1.30e+03
  77  3.694955e-08    3.96e-21    1.35e-13   1.60e-05   1.85e+00  1.00e+16        1    1.44e+01    1.31e+03
  78  3.694955e-08    3.19e-21    1.19e-13   1.40e-05   1.91e+00  1.00e+16        1    1.46e+01    1.33e+03
  79  3.694955e-08    2.28e-21    1.05e-13   1.23e-05   1.82e+00  1.00e+16        1    1.45e+01    1.34e+03
  80  3.694955e-08    1.81e-21    9.29e-14   1.08e-05   1.90e+00  1.00e+16        1    1.43e+01    1.36e+03
  81  3.694955e-08    1.38e-21    8.08e-14   9.51e-06   1.88e+00  1.00e+16        1    1.42e+01    1.37e+03
  82  3.694955e-08    1.11e-21    7.25e-14   8.36e-06   1.87e+00  1.00e+16        1    1.45e+01    1.39e+03
  83  3.694955e-08    7.87e-22    6.24e-14   7.34e-06   1.84e+00  1.00e+16        1    1.45e+01    1.40e+03
  84  3.694955e-08    7.35e-22    5.51e-14   6.45e-06   2.28e+00  1.00e+16        1    1.48e+01    1.41e+03
  85  3.694955e-08    4.37e-22    4.94e-14   5.66e-06   1.65e+00  1.00e+16        1    1.43e+01    1.43e+03
  86  3.694955e-08    3.77e-22    4.26e-14   4.98e-06   2.05e+00  1.00e+16        1    1.45e+01    1.44e+03
  87  3.694955e-08    1.85e-22    3.86e-14   4.37e-06   1.24e+00  1.00e+16        1    1.47e+01    1.46e+03
  88  3.694955e-08    3.24e-22    3.20e-14   3.84e-06   2.47e+00  1.00e+16        1    1.47e+01    1.47e+03
  89  3.694955e-08    3.18e-22    2.88e-14   3.37e-06   3.13e+00  1.00e+16        1    1.50e+01    1.49e+03
  90  3.694955e-08   -2.65e-23    2.88e-14   2.96e-06  -9.02e-02  5.00e+15        1    1.55e+01    1.50e+03
  91  3.694955e-08   -1.99e-23    2.88e-14   2.96e-06   0.00e+00  1.25e+15        1    1.45e+01    1.52e+03
  92  3.694955e-08   -4.63e-23    2.88e-14   2.96e-06  -3.61e-01  1.56e+14        1    1.41e+01    1.53e+03
  93  3.694955e-08   -4.63e-23    2.88e-14   2.96e-06  -3.61e-01  9.77e+12        1    1.41e+01    1.55e+03
  94  3.694955e-08   -2.65e-23    2.88e-14   2.95e-06  -9.02e-02  3.05e+11        1    1.42e+01    1.56e+03
  95  3.694955e-08   -5.29e-23    2.88e-14   2.93e-06  -4.51e-01  4.77e+09        1    1.41e+01    1.57e+03
  96  3.694955e-08   -5.29e-23    2.88e-14   2.92e-06  -4.51e-01  3.73e+07        1    1.41e+01    1.59e+03
[ INFO] [1691666298.260223020]: Finished optimizing the initial transform.
Translation: (-0.559659, -0.634567, -0.728965)
Rotation:    (0.510679, -0.502169, 0.4984, 0.488498)


2000 poses, "rosbag" default="ptp_sync_cam_lid_calib__2018-01-28-17-14-42.bag"
iter      cost      cost_change  |gradient|   |step|    tr_ratio  tr_radius  ls_iter  iter_time  total_time
   0  4.439137e-08    0.00e+00    1.62e-09   0.00e+00   0.00e+00  1.00e+04        0    2.76e-01    2.79e-01
   1  4.318192e-08    1.21e-09    3.00e-09   4.30e-01   2.66e+00  3.00e+04        1    9.00e+00    9.28e+00
   2  4.220966e-08    9.72e-10    3.70e-09   2.64e-01   2.42e+00  9.00e+04        1    8.93e+00    1.82e+01
   3  4.061697e-08    1.59e-09    5.62e-09   3.81e-01   2.46e+00  2.70e+05        1    9.32e+00    2.75e+01
   4  3.975784e-08    8.59e-10    6.33e-09   7.35e-01   2.19e+00  8.10e+05        1    9.51e+00    3.70e+01
   5  3.914508e-08    6.13e-10    6.34e-09   3.91e+00   2.04e+00  2.43e+06        1    8.25e+00    4.53e+01
   6  3.866355e-08    4.82e-10    6.09e-09   1.76e+01   1.71e+00  7.29e+06        1    8.43e+00    5.37e+01
   7  3.793252e-08    7.31e-10    7.00e-09   3.94e+01   1.86e+00  2.19e+07        1    8.75e+00    6.25e+01
   8  3.699972e-08    9.33e-10    8.20e-09   4.92e+01   2.32e+00  6.56e+07        1    8.54e+00    7.10e+01
   9  3.666269e-08    3.37e-10    1.94e-08   7.93e+01   1.61e+00  1.97e+08        1    8.43e+00    7.95e+01
  10  3.622503e-08    4.38e-10    4.09e-07   1.76e+02   1.80e+00  5.90e+08        1    8.55e+00    8.80e+01
  11  3.506715e-08    1.16e-09    7.84e-07   1.89e+02   3.69e+00  1.77e+09        1    8.59e+00    9.66e+01
  12  3.473950e-08    3.28e-10    4.21e-07   5.36e+01   2.06e+00  5.31e+09        1    8.38e+00    1.05e+02
  13  3.473161e-08    7.89e-12    8.38e-08   4.65e+01   2.05e+00  1.59e+10        1    8.31e+00    1.13e+02
  14  3.472595e-08    5.66e-12    1.01e-07   6.20e+01   1.78e+00  4.78e+10        1    8.38e+00    1.22e+02
  15  3.472410e-08    1.85e-12    8.77e-08   4.95e+01   1.91e+00  1.43e+11        1    8.61e+00    1.30e+02
  16  3.472178e-08    2.33e-12    3.66e-07   6.02e+00   3.17e+00  4.30e+11        1    8.89e+00    1.39e+02
  17  3.471999e-08    1.78e-12    9.10e-08   1.49e-01   2.06e+00  1.29e+12        1    8.61e+00    1.48e+02
  18  3.471758e-08    2.41e-12    1.46e-07   1.42e-01   2.28e+00  3.87e+12        1    8.95e+00    1.57e+02
  19  3.471436e-08    3.21e-12    1.95e-07   1.71e-01   1.89e+00  1.16e+13        1    8.29e+00    1.65e+02
  20  3.471230e-08    2.06e-12    1.23e-07   1.33e-01   1.91e+00  3.49e+13        1    8.33e+00    1.73e+02
  21  3.470979e-08    2.51e-12    6.39e-08   1.24e-01   2.07e+00  1.05e+14        1    8.50e+00    1.82e+02
  22  3.470671e-08    3.08e-12    5.82e-08   1.36e-01   2.06e+00  3.14e+14        1    8.19e+00    1.90e+02
  23  3.470375e-08    2.96e-12    1.39e-07   1.54e-01   1.94e+00  9.41e+14        1    8.21e+00    1.98e+02
  24  3.470183e-08    1.92e-12    2.37e-07   1.76e-01   1.78e+00  2.82e+15        1    8.08e+00    2.06e+02
  25  3.470089e-08    9.38e-13    1.63e-07   1.54e-01   1.67e+00  8.47e+15        1    8.30e+00    2.15e+02
  26  3.470053e-08    3.55e-13    6.42e-08   1.02e-01   1.58e+00  1.00e+16        1    8.68e+00    2.23e+02
  27  3.470041e-08    1.24e-13    1.96e-08   5.60e-02   1.64e+00  1.00e+16        1    9.22e+00    2.33e+02
  28  3.470034e-08    6.90e-14    5.22e-09   2.86e-02   1.89e+00  1.00e+16        1    8.60e+00    2.41e+02
  29  3.470027e-08    7.08e-14    1.32e-09   1.52e-02   2.08e+00  1.00e+16        1    8.91e+00    2.50e+02
  30  3.470018e-08    9.36e-14    3.57e-09   1.14e-02   2.14e+00  1.00e+16        1    8.76e+00    2.59e+02
  31  3.470004e-08    1.32e-13    6.95e-09   1.37e-02   2.16e+00  1.00e+16        1    9.06e+00    2.68e+02
  32  3.469986e-08    1.90e-13    1.22e-08   1.77e-02   2.17e+00  1.00e+16        1    8.83e+00    2.77e+02
  33  3.469959e-08    2.70e-13    1.92e-08   2.19e-02   2.17e+00  1.00e+16        1    8.35e+00    2.85e+02
  34  3.469921e-08    3.71e-13    2.62e-08   2.55e-02   2.16e+00  1.00e+16        1    8.69e+00    2.94e+02
  35  3.469875e-08    4.68e-13    3.14e-08   2.79e-02   2.12e+00  1.00e+16        1    8.25e+00    3.02e+02
  36  3.469826e-08    4.84e-13    3.24e-08   2.83e-02   1.99e+00  1.00e+16        1    8.26e+00    3.10e+02
  37  3.469792e-08    3.40e-13    2.64e-08   2.59e-02   1.79e+00  1.00e+16        1    8.15e+00    3.18e+02
  38  3.469776e-08    1.62e-13    1.39e-08   1.90e-02   1.69e+00  1.00e+16        1    8.14e+00    3.27e+02
  39  3.469769e-08    7.40e-14    4.62e-09   9.65e-03   1.73e+00  1.00e+16        1    8.28e+00    3.35e+02
  40  3.469764e-08    4.30e-14    1.05e-09   8.73e-03   1.86e+00  1.00e+16        1    8.25e+00    3.43e+02
  41  3.469761e-08    3.46e-14    1.59e-09   1.43e-02   1.99e+00  1.00e+16        1    8.36e+00    3.51e+02
  42  3.469757e-08    3.51e-14    2.66e-09   1.94e-02   2.08e+00  1.00e+16        1    8.34e+00    3.60e+02
  43  3.469753e-08    4.02e-14    3.59e-09   2.40e-02   2.13e+00  1.00e+16        1    8.21e+00    3.68e+02
  44  3.469748e-08    4.91e-14    4.57e-09   2.85e-02   2.17e+00  1.00e+16        1    8.20e+00    3.76e+02
  45  3.469742e-08    6.19e-14    5.67e-09   3.35e-02   2.20e+00  1.00e+16        1    8.36e+00    3.85e+02
  46  3.469734e-08    8.01e-14    6.89e-09   3.94e-02   2.23e+00  1.00e+16        1    8.41e+00    3.93e+02
  47  3.469724e-08    1.07e-13    8.47e-09   4.68e-02   2.27e+00  1.00e+16        1    8.20e+00    4.01e+02
  48  3.469708e-08    1.53e-13    1.46e-08   5.57e-02   2.36e+00  1.00e+16        1    8.27e+00    4.09e+02
  49  3.469684e-08    2.47e-13    2.44e-08   6.55e-02   2.53e+00  1.00e+16        1    8.34e+00    4.18e+02
  50  3.469636e-08    4.74e-13    3.98e-08   7.25e-02   2.89e+00  1.00e+16        1    8.26e+00    4.26e+02
  51  3.469528e-08    1.09e-12    8.38e-08   6.24e-02   3.74e+00  1.00e+16        1    8.16e+00    4.34e+02
  52  3.469322e-08    2.06e-12    3.59e-07   2.44e-02   4.76e+00  1.00e+16        1    8.22e+00    4.42e+02
  53  3.469300e-08    2.15e-13    2.58e-09   1.80e-03   1.24e+00  1.00e+16        1    8.14e+00    4.51e+02
  54  3.469300e-08    5.66e-18    3.02e-13   7.98e-06   1.00e+00  1.00e+16        1    8.05e+00    4.59e+02
  55  3.469300e-08   -8.60e-23    3.02e-13   1.75e-09  -3.28e+02  5.00e+15        1    8.08e+00    4.67e+02
  56  3.469300e-08   -8.60e-23    3.02e-13   1.75e-09  -3.28e+02  1.25e+15        1    8.05e+00    4.75e+02
  57  3.469300e-08   -8.60e-23    3.02e-13   1.75e-09  -3.28e+02  1.56e+14        1    7.96e+00    4.83e+02
  58  3.469300e-08   -8.60e-23    3.02e-13   1.75e-09  -3.28e+02  9.77e+12        1    8.09e+00    4.91e+02
  59  3.469300e-08   -8.60e-23    3.02e-13   1.75e-09  -3.28e+02  3.05e+11        1    8.09e+00    4.99e+02
  60  3.469300e-08   -8.60e-23    3.02e-13   1.75e-09  -3.28e+02  4.77e+09        1    8.11e+00    5.07e+02
  61  3.469300e-08   -8.60e-23    3.02e-13   1.74e-09  -3.28e+02  3.73e+07        1    7.97e+00    5.15e+02
  62  3.469300e-08   -7.94e-23    3.02e-13   1.67e-09  -3.04e+02  1.46e+05        1    8.09e+00    5.23e+02
  63  3.469300e-08   -1.06e-22    3.02e-13   6.84e-10  -3.98e+02  2.84e+02        1    8.08e+00    5.31e+02
  64  3.469300e-08   -7.94e-23    3.02e-13   1.20e-10  -3.07e+02  2.78e-01        1    8.03e+00    5.39e+02
  65  3.469300e-08   -6.62e-23    3.02e-13   6.59e-13  -3.18e+03  1.36e-04        1    8.11e+00    5.47e+02
  66  3.469300e-08   -1.32e-23    3.02e-13   4.23e-16  -1.18e+06  3.31e-08        1    8.06e+00    5.55e+02
[ INFO] [1691668624.886518039]: Finished optimizing the initial transform.
Translation: (0.913925, -0.327567, -0.811878)
Rotation:    (0.51077, -0.501268, 0.499391, 0.488317)




